10893 -1 1 20 47 30 33 20 26 17 23 17 24 14 24 13 24 14 25 14 25 15 26 15 25 16 23 15 26 16 22 16 23 16 23 16 22 16 23 16 23 16 23 16 23 15 26 15 25 14 25 14 25 15 25 15 25 14 25 14 24 14 24 13 24 13 24 14 24 14 24 14 25 13 24 14 25 14 25 14 25 13 25 14 25 13 24 13 24 13 24 13 24 13 23 15 26 14 25 14 25 15 26 16
11914 0 3 42 33 22 27 18 24 14 23 17 23 17 22 16 22 16 21 16 21 15 24 14 23 17 23 16 22 16 22 16 23 16 22 16 22 16 22 16 22 16 22 15 25 15 25 15 24 14 24 14 24 14 23 16 23 16 22 15 25 14 24 14 24 13 25 13 24 13 24 12 24 12 23 16 23 15 26 14 26 14 25 12 25 12 24 12 24 12 24 13 24 13 24 13 24 13 24 13 23 16 22 15
12928 3 8 63 36 19 30 15 29 14 27 13 27 12 26 11 25 12 25 11 25 11 25 12 25 12 24 11 24 11 23 13 26 13 25 12 24 11 24 11 24 11 24 11 23 13 25 13 25 12 25 13 24 12 24 12 24 11 23 14 26 14 25 13 24 12 24 12 23 14 26 14 25 13 25 13 24 12 23 14 25 13 24 13 24 12 23 14 26 14 24 13 23 16 23 15 26 15 25 13 25 13 24 12
13940 9 12 82 24 34 15 29 14 28 13 27 12 26 11 25 11 25 10 25 10 24 10 24 10 24 9 24 9 24 9 24 9 24 9 24 9 24 9 24 9 24 9 23 11 26 11 26 10 26 10 25 10 25 9 25 9 25 9 25 9 25 8 25 8 24 8 24 8 24 9 24 9 23 12 25 12 24 12 23 14 26 13 25 13 25 13 21 15 26 13 26 12 26 11 25 11 26 11 26 10 27 9 26
14955 9 20 81 27 21 24 18 21 17 19 16 19 16 17 15 20 17 20 17 20 16 20 16 20 15 21 17 21 16 21 17 22 15 23 17 22 16 22 15 25 14 24 14 24 13 24 13 23 16 23 15 25 14 25 21 16 20 16 20 15 22 17 21 16 20 17 12 21 15 24 15 23 18 22 17 20 18 21 16 20 15 22 17 21 17 20 16 18 16 18 15 21 17 20 16 19 16 19 15 21 16 20 16
15968 11 28 80 32 20 24 16 20 15 23 18 22 17 21 16 20 16 20 15 22 17 20 16 20 15 22 17 20 16 20 16 19 15 22 17 21 17 20 15 22 18 22 16 20 15 22 17 22 16 20 16 20 15 21 17 21 15 23 17 21 16 20 15 22 16 21 13 25 11 25 10 25 10 23 13 26 12 24 11 24 10 22 13 25 13 23 16 21 14 22 17 21 16 20 15 22 18 21 17 21 16 20 16
16980 9 27 82 24 30 18 25 12 23 15 26 14 25 13 24 12 24 12 23 14 26 14 24 13 23 15 25 13 24 13 23 15 25 14 24 13 24 12 22 14 25 13 25 13 23 15 25 13 24 13 24 13 24 12 23 14 24 13 23 15 26 13 24 11 25 9 255 0 255 0 255 0 255 0 255 0 255 0 255 0 255 0 255 0 255 0 255 0 255 0 255 0 255 0 255 0 255 0 255 0 255 0 255
17995 6 35 77 219 5 255 5 254 4 255 4 255 3 255 2 255 1 255 0 255 0 255 0 255 0 255 0 255 0 255 0 255 0 255 0 255 0 255 0 255 0 255 0 255 0 255 0 255 0 250 1 255 0 255 0 255 0 255 0 255 0 255 0 255 0 255 0 255 0 255 0 255 0 255 0 255 0 255 0 255 0 255 0 255 0 255 0 255 0 255 0 255 0 255 0 87 49 44 27 29 20 23 18
19007 8 28 81 30 26 22 21 22 19 21 17 19 18 17 17 16 16 16 16 15 18 17 17 16 16 16 16 15 18 18 17 16 16 16 16 15 18 17 17 16 15 19 17 17 17 16 16 16 15 18 18 18 17 17 16 16 16 16 16 15 18 19 17 17 16 16 15 19 17 18 17 18 15 20 16 19 16 18 15 20 16 19 15 20 17 19 16 18 15 20 17 19 16 18 15 20 16 19 16 17 15 19 17
20020 8 27 81 26 28 20 22 18 20 16 20 16 18 15 20 16 18 15 20 17 20 16 18 16 17 15 19 17 18 15 20 17 19 16 17 15 19 17 18 15 20 17 18 15 20 18 18 16 18 15 19 16 18 16 17 14 18 16 17 15 19 17 17 16 17 14 19 17 18 15 20 16 18 16 17 15 19 16 18 15 20 16 18 14 20 16 19 16 17 15 19 16 18 15 20 17 18 16 17 15 18 17 17
21035 14 37 74 27 25 20 19 18 18 17 16 17 16 15 18 17 16 16 15 18 17 17 16 16 16 16 15 18 17 17 16 16 15 18 17 16 16 15 18 17 17 17 17 17 16 16 16 16 15 18 18 17 17 17 16 16 16 16 16 15 18 18 17 16 16 15 17 16 16 15 18 17 16 16 16 15 17 16 16 16 16 16 15 18 17 17 16 16 16 16 15 17 18 17 14 20 17 19 16 19 16 35 26
22047 13 20 81 62 65 56 55 48 45 40 36 34 32 30 32 31 35 34 39 38 48 41 54 47 64 50 67 53 72 53 76 54 76 54 75 53 78 55 82 59 87 62 89 62 83 58 71 54 67 50 64 47 61 49 64 48 62 51 66 51 58 50 69 57 74 62 84 68 101 76 117 84 137 87 166 62 202 11 250 5 250 3 255 1 255 0 255 0 255 1 255 0 255 1 255 2 255 0 255 0 255 0 255
23060 17 33 69 63 119 109 132 101 141 77 165 80 161 75 173 66 192 58 195 60 201 58 205 51 217 39 231 27 241 37 212 56 211 61 199 78 183 93 152 120 152 116 163 106 157 113 157 131 155 129 155 126 163 120 159 123 157 123 159 123 163 121 159 126 162 130 163 116 168 106 170 91 187 82 190 78 196 71 203 67 203 68 207 60 214 53 222 50 222 48 229 52 217 55 230 49 247 38 255 38 250 45 248
24075 22 43 58 160 2 255 2 255 2 255 2 255 2 255 2 255 2 255 2 255 2 255 2 255 2 255 2 255 2 255 2 255 2 255 2 255 2 255 2 255 2 255 2 255 1 255 2 255 1 255 1 255 1 255 1 255 1 255 1 255 1 255 1 255 1 255 1 255 1 255 1 255 1 255 0 255 0 255 0 255 0 255 0 255 0 255 0 255 0 255 0 255 0 255 0 255 0 255 0 255 0 255 0
25087 15 28 66 45 255 49 255 50 255 49 255 48 255 49 255 47 255 47 255 47 255 48 255 55 255 56 255 57 255 68 255 61 255 77 254 81 253 84 253 77 254 70 255 64 255 64 255 64 255 76 255 122 255 154 255 153 255 152 255 149 255 161 255 165 255 169 255 97 255 69 255 85 255 79 255 78 255 72 255 69 255 75 255 72 255 67 255 59 254 66 255 53 255 32 255 26 255 13 255 6 255 3 255
26103 15 31 66 49 255 0 255 0 255 0 255 0 255 0 255 0 255 0 255 0 255 0 255 0 255 0 255 0 255 0 255 0 255 0 255 0 255 0 255 0 255 0 255 0 255 0 255 0 255 0 255 0 255 0 255 0 255 0 255 0 255 0 255 0 255 0 255 0 255 0 255 0 255 0 255 0 255 0 255 0 255 0 255 0 255 0 255 0 255 0 255 0 255 0 255 0 255 0 255 0 255 0 255
27122 15 35 62 44 255 18 255 22 255 0 255 0 255 0 255 1 255 0 255 0 255 0 255 0 255 0 255 0 255 0 255 0 255 0 255 0 255 0 255 0 255 0 255 0 255 0 255 0 255 0 255 0 255 0 255 0 255 0 255 0 255 0 255 0 255 0 255 0 255 0 255 0 255 0 255 12 255 57 255 61 255 68 255 92 255 118 255 136 255 151 255 172 255 185 255 191 255 194 255 195 255 197 255
28137 13 33 59 218 233 243 233 243 233 243 232 242 233 242 232 243 232 242 231 242 231 242 229 241 227 241 226 240 226 240 225 240 224 240 224 240 223 239 222 239 222 239 222 239 222 239 222 240 222 240 221 239 220 239 220 239 219 239 219 239 219 239 217 238 216 237 214 237 213 237 212 237 211 237 211 237 210 236 210 237 211 237 210 237 210 236 210 237 211 237 211 237 211 237 211 237 210 237 209 237 206 237 172
29151 15 34 57 255 56 255 46 255 45 255 43 255 42 255 44 255 46 255 50 255 52 255 54 255 54 255 55 255 56 255 58 255 59 255 59 255 59 255 51 255 47 255 43 255 42 255 41 255 41 255 40 255 41 255 41 255 43 255 44 255 44 255 45 255 44 255 46 255 48 255 50 255 51 255 52 255 51 255 48 255 46 255 40 255 28 255 22 255 20 255 19 255 26 255 35 255 45 255 50 255 40 255 46
30166 11 41 57 11 255 0 255 0 255 66 127 61 118 40 249 12 255 0 255 0 255 0 255 0 255 0 255 0 255 0 255 0 255 0 255 0 255 0 255 0 255 0 255 0 255 0 255 0 255 0 255 0 255 0 255 0 255 0 255 0 255 0 255 0 255 0 255 0 255 0 255 0 255 0 255 0 255 0 255 0 255 0 255 0 255 0 255 0 255 0 255 0 255 0 255 0 255 0 255 0 255 0 255
